1,1740,2,6,36,5,1747
2,1,1740,7,6,1695,1742
3,1580,1743,16,15,1579,14
4,1710,1693,26,25,27,1745
5,72,37,36,38,6,1
6,39,38,5,7,2,1
7,39,40,8,6,1742,2
8,40,7,1557,1748,41,1742
9,1748,42,43,10,1515,1514
10,1515,1619,44,43,9
11,45,788,12,1451,1465
12,46,45,13,1503,11,1451
13,46,12,1579,1503,14,47
14,48,47,15,1579,3,13
15,14,48,50,49,16,3
16,17,51,50,15,3,1743
17,16,51,18,52,1744,1743
18,1744,1431,19,53,52,17
19,1432,1431,20,53,54,18
20,55,54,1432,19,21,1436
21,1437,22,55,20,1436,56
22,1437,21,23,57,56,1429
23,22,57,58,1429,1569,24
24,59,58,25,1693,23,1569
25,24,1693,59,60,26,4
26,61,60,62,25,4,27
27,28,63,4,26,62,1745
28,1746,29,63,64,27,1745
29,28,1746,65,30,64,1459
30,1459,1458,65,29,66,31
31,1453,1458,30,66,67,32
32,1454,1453,68,67,33,31
33,1455,34,69,68,32,1454
34,70,35,1455,33,1698,69
35,70,34,71,1698,1747,36
36,72,71,5,1,1747,35
37,73,112,72,5,74,38
38,6,39,5,74,37,75
39,6,38,7,40,76,75
40,39,7,76,77,41,8
41,77,78,40,42,1748,8
42,1748,9,78,41,43,79
43,10,44,9,79,80,42
44,724,753,10,43,80,81,1619
45,788,11,46,83,12,82
46,45,83,12,84,47,13
47,14,48,85,84,46,13
48,14,47,85,86,15,49
49,50,88,15,48,87,86
50,88,89,49,15,51,16
51,90,89,16,17,50,52
52,91,90,53,18,17,51
53,19,54,18,92,52,91
54,55,20,53,19,92,93
55,56,94,93,54,20,21
56,95,94,55,22,21,57
57,22,23,58,56,96,95
58,59,24,23,57,97,96
59,58,24,25,60,98,97
60,99,98,61,26,59,25
61,60,26,62,101,100,99
62,102,63,26,61,101,27
63,102,62,28,64,27,103
64,63,28,104,103,29,65
65,29,30,64,66,104,105
66,65,30,105,67,106,31
67,32,68,107,66,106,31
68,69,108,107,32,67,33
69,108,68,109,70,33,34
70,34,35,110,109,69,71
71,111,110,72,36,35,70
72,5,37,71,36,111,112
73,113,154,112,37,74,114
74,115,75,37,73,38,114
75,115,74,39,76,116,38
76,40,77,39,75,116,117
77,76,40,78,118,117,41
78,118,77,41,42,119,79
79,120,119,43,80,78,42
80,121,120,81,79,43,44
81,827,789,121,80,44,753
82,868,826,788,83,122,45
83,84,123,45,46,122,82
84,85,47,83,123,46,124
85,84,47,48,125,86,124
86,87,126,125,85,48,49
87,86,126,49,88,127,128
88,50,89,49,129,87,128
89,51,90,88,50,129,130
90,51,89,131,130,52,91
91,52,90,132,131,92,53
92,93,133,53,54,132,91
93,133,92,55,94,134,54
94,95,56,55,93,135,134
95,136,135,94,56,96,57
96,137,136,95,58,97,57
97,137,138,98,59,58,96
98,99,60,59,139,138,97
99,98,60,140,139,61,100
100,101,61,141,140,142,99
101,100,61,62,142,143,102
102,62,63,143,101,144,103
103,144,145,104,64,102,63
104,146,145,103,64,105,65
105,106,147,146,104,65,66
106,107,148,147,105,66,67
107,148,106,149,68,108,67
108,69,68,109,107,149,150
109,108,69,110,70,150,151
110,111,152,71,109,70,151
111,152,110,112,153,71,72
112,111,153,73,154,37,72
113,73,154,114,156,199,155
114,157,115,113,156,73,74
115,74,75,157,114,116,158
116,159,158,115,117,76,75
117,159,116,118,160,76,77
118,78,77,117,160,161,119
119,161,162,120,79,118,78
120,163,121,119,162,79,80
121,163,120,164,80,81,827
122,913,868,165,83,82,123
123,166,165,83,84,124,122
124,125,167,166,123,84,85
125,86,126,167,168,124,85
126,86,87,125,168,127,169
127,169,170,171,128,126,87
128,172,129,171,127,88,87
129,88,89,172,128,130,173
130,90,131,89,174,173,129
131,90,130,91,132,175,174
132,176,175,91,131,133,92
133,93,92,134,177,176,132
134,93,133,135,178,94,177
135,95,136,94,134,178,179
136,95,135,180,137,179,96
137,138,181,180,136,97,96
138,137,181,139,182,98,97
139,182,183,138,140,99,98
140,139,99,141,100,184,183
141,186,142,140,100,184,185
142,186,141,187,100,143,101
143,188,187,142,101,144,102
144,103,145,189,188,143,102
145,146,104,144,103,190,189
146,145,104,191,147,190,105
147,191,146,106,105,148,192
148,107,106,149,147,192,193
149,148,107,150,194,108,193
150,194,149,109,108,195,151
151,152,196,109,110,150,195
152,111,110,151,196,197,153
153,111,112,154,197,152,198
154,73,113,112,153,199,198
155,156,201,247,200,199,113
156,113,114,201,155,157,202
157,114,115,202,203,156,158
158,204,159,116,203,115,157
159,160,205,204,158,116,117
160,205,159,161,206,117,118
161,160,206,119,162,207,118
162,161,119,207,208,163,120
163,208,162,120,121,164,209
164,121,163,869,209,827
165,210,913,166,123,122,211
166,165,123,212,167,211,124
167,213,212,166,125,168,124
168,169,214,167,125,213,126
169,127,170,168,214,215,126
170,169,127,217,216,171,215
171,127,170,172,218,217,128
172,218,171,128,129,173,219
173,220,219,172,174,130,129
174,175,221,173,220,130,131
175,222,221,176,132,174,131
176,175,132,177,133,223,222
177,224,223,176,133,134,178
178,224,225,179,134,135,177
179,180,226,225,178,136,135
180,136,137,226,179,227,181
181,137,138,228,182,227,180
182,139,183,138,228,229,181
183,182,139,230,229,140,184
184,141,140,183,230,185,231
185,186,141,231,184,233,232
186,141,142,187,185,233,234
187,188,143,186,142,234,235
188,189,144,236,187,143,235
189,188,144,236,237,190,145
190,237,189,145,146,191,238
191,146,147,190,238,239,192
192,240,239,191,193,147,148
193,241,194,240,192,148,149
194,195,242,241,150,149,193
195,242,194,150,196,243,151
196,151,152,244,243,195,197
197,152,153,196,244,245,198
198,153,197,199,154,245,246
199,247,246,154,113,198,155
200,201,249,248,298,247,155
201,249,200,156,155,202,250
202,203,251,157,156,201,250
203,251,202,204,158,157,252
204,158,159,203,205,253,252
205,160,159,204,206,253,254
206,160,161,205,254,255,207
207,162,208,161,256,255,206
208,207,162,163,257,256,209
209,164,869,163,208,257,258
210,165,913,259,211,960,1011
211,259,260,212,166,210,165
212,213,261,260,167,166,211
213,261,212,214,262,167,168
214,263,215,262,213,168,169
215,263,214,170,216,169,264
216,217,170,266,215,265,264
217,216,170,266,171,218,267
218,172,171,219,268,217,267
219,269,268,173,220,218,172
220,270,269,173,219,221,174
221,222,175,174,271,270,220
222,221,175,223,272,271,176
223,272,222,177,224,273,176
224,178,225,177,223,274,273
225,224,178,179,274,275,226
226,180,179,227,275,276,225
227,226,180,181,277,228,276
228,182,229,181,278,277,227
229,279,278,230,228,182,183
230,229,279,280,183,184,231
231,185,184,281,280,230,232
232,281,282,233,185,231,283
233,234,284,232,185,186,283
234,284,233,235,285,187,186
235,236,188,285,234,286,187
236,188,189,237,235,287,286
237,236,189,190,238,287,288
238,239,289,190,191,237,288
239,240,290,289,238,192,191
240,239,290,192,193,291,241
241,292,291,194,242,193,240
242,293,243,195,194,241,292
243,293,242,196,244,294,195
244,196,243,295,294,197,245
245,197,244,295,296,246,198
246,199,247,245,296,297,198
247,298,297,199,246,155,200
248,299,353,249,200,298,300
249,201,200,301,300,248,250
250,251,302,301,201,202,249
251,203,202,250,302,303,252
252,253,304,303,251,203,204
253,304,252,305,204,205,254
254,255,306,206,205,253,305
255,307,306,254,207,256,206
256,257,208,308,207,255,307
257,258,309,256,208,308,209
258,869,914,309,257,961,310,209
259,211,260,312,311,210,1011
260,312,313,259,211,212,261
261,213,212,260,313,314,262
262,214,213,315,314,263,261
263,316,264,214,215,315,262
264,316,263,317,265,215,216
265,266,216,264,317,318,319
266,216,217,320,319,265,267
267,321,320,266,217,218,268
268,321,322,219,269,218,267
269,323,322,219,268,270,220
270,323,269,324,271,220,221
271,325,324,270,222,221,272
272,273,326,223,222,325,271
273,326,272,274,327,223,224
274,328,275,327,273,224,225
275,328,274,329,225,276,226
276,330,329,275,277,226,227
277,278,331,330,276,227,228
278,332,279,229,277,331,228
279,332,278,229,230,280,333
280,279,230,333,231,281,334
281,232,282,231,280,334,335
282,335,336,283,337,281,232
283,337,338,284,282,232,233
284,285,339,234,233,338,283
285,284,339,235,234,340,286
286,287,341,236,235,340,285
287,286,341,236,342,288,237
288,343,342,287,237,289,238
289,344,343,239,290,238,288
290,239,240,345,344,289,291
291,241,292,345,346,240,290
292,293,347,241,291,346,242
293,347,292,242,243,348,294
294,243,293,244,295,348,349
295,244,294,349,350,245,296
296,351,350,297,295,245,246
297,298,247,352,351,296,246
298,297,247,248,353,352,200
299,355,354,353,248,410,300
300,301,249,355,356,299,248
301,300,249,357,356,302,250
302,250,251,301,357,303,358
303,251,252,304,302,358,359
304,253,252,305,303,360,359
305,306,361,304,253,360,254
306,361,305,255,307,254,362
307,255,306,308,363,256,362
308,309,364,363,307,257,256
309,258,257,308,364,310,365
310,1012,1065,365,258,309,961
311,312,366,1121,1064,1011,259
312,366,311,260,313,367,259
313,368,367,312,260,314,261
314,315,262,369,368,313,261
315,314,262,369,263,316,370
316,263,264,317,371,370,315
317,316,264,265,318,372,371
318,373,372,374,265,317,319
319,320,266,375,374,318,265
320,319,266,321,376,375,267
321,268,322,377,376,320,267
322,321,268,323,269,378,377
323,322,269,378,270,324,379
324,271,325,270,323,380,379
325,271,324,381,380,326,272
326,273,272,381,382,327,325
327,274,273,383,382,326,328
328,274,275,329,327,383,384
329,328,275,330,276,384,385
330,329,276,277,331,386,385
331,277,278,330,386,387,332
332,278,279,331,387,333,388
333,279,280,389,388,332,334
334,389,390,333,281,280,335
335,282,336,391,390,334,281
336,335,282,392,391,393,337
337,283,338,394,393,282,336
338,395,339,337,283,284,394
339,284,285,395,338,340,396
340,397,396,339,285,341,286
341,398,397,286,287,342,340
342,341,398,399,343,288,287
343,400,399,289,344,342,288
344,289,343,345,290,401,400
345,402,401,344,290,291,346
346,345,291,292,347,402,403
347,403,404,293,292,348,346
348,404,405,293,347,349,294
349,406,350,405,348,294,295
350,406,349,296,351,407,295
351,296,350,352,297,407,408
352,353,409,351,297,298,408
353,352,409,410,299,248,298
354,355,299,468,411,412,410
355,354,299,300,356,413,412
356,357,414,355,300,413,301
357,414,356,358,415,301,302
358,415,357,303,302,416,359
359,303,304,358,417,416,360
360,305,304,418,417,359,361
361,306,305,419,362,418,360
362,419,361,306,363,420,307
363,421,420,362,364,308,307
364,308,309,421,363,422,365
365,423,422,1065,310,364,309
366,312,311,1179,424,367,1121
367,313,368,424,366,425,312
368,313,367,425,426,369,314
369,370,427,315,314,368,426
370,371,428,369,427,316,315
371,370,428,372,317,429,316
372,318,373,371,317,429,430
373,318,372,374,430,431,432
374,318,373,432,433,375,319
375,433,374,319,320,376,434
376,377,321,435,434,320,375
377,376,321,435,378,436,322
378,323,322,437,436,377,379
379,438,380,323,324,437,378
380,381,325,438,379,439,324
381,380,325,439,440,326,382
382,383,441,327,381,326,440
383,441,382,442,327,384,328
384,385,443,383,442,328,329
385,384,443,386,444,329,330
386,445,444,385,330,331,387
387,446,445,386,331,388,332
388,447,446,389,333,387,332
389,388,447,448,334,390,333
390,449,391,335,389,334,448
391,449,390,335,392,336,450
392,391,336,393,450,451
393,394,337,392,336,451
394,452,451,393,337,395,338
395,338,339,452,394,453,396
396,454,453,397,340,395,339
397,341,398,396,340,455,454
398,399,456,341,397,455,342
399,456,398,457,343,400,342
400,343,399,457,458,344,401
401,345,402,344,459,400,458
402,459,460,345,401,403,346
403,347,404,461,460,402,346
404,403,347,405,462,348,461
405,404,462,348,349,406,463
406,349,350,407,405,463,464
407,465,464,406,350,351,408
408,466,465,409,407,352,351
409,352,353,410,466,408,467
410,409,353,299,467,354,468
411,468,354,525,469,412,470
412,470,411,354,413,355,471
413,356,414,412,355,471,472
414,357,356,413,415,473,472
415,358,357,414,473,474,416
416,475,474,415,358,359,417
417,360,418,359,416,476,475
418,477,476,360,417,361,419
419,361,362,420,478,418,477
420,478,419,421,363,362,479
421,420,363,480,479,422,364
422,423,365,480,481,421,364
423,1122,1065,481,1180,422,365
424,1179,366,482,483,367,425
425,368,426,484,483,424,367
426,425,368,485,427,484,369
427,369,370,486,428,485,426
428,370,371,487,429,486,427
429,372,430,371,487,428,488
430,373,431,489,429,372,488
431,491,490,489,432,430,373
432,492,433,491,431,374,373
433,492,432,493,374,375,434
434,435,494,376,493,433,375
435,494,434,377,376,436,495
436,496,437,378,377,435,495
437,496,436,378,438,497,379
438,498,497,439,379,380,437
439,381,440,499,498,438,380
440,499,500,439,381,382,441
441,442,501,383,382,500,440
442,502,501,441,443,383,384
443,384,385,502,442,444,503
444,445,386,385,443,504,503
445,446,505,444,386,387,504
446,388,447,505,445,387,506
447,388,446,506,507,389,448
448,449,508,389,447,507,390
449,448,508,390,391,450
450,560,508,451,509,449,391,392
451,452,394,509,450,393,392
452,509,453,451,394,395
453,509,452,396,454,395,510
454,396,453,511,510,455,397
455,398,456,454,397,511,512
456,399,398,457,513,455,512
457,513,456,458,514,399,400
458,514,457,515,400,401,459
459,516,460,402,401,458,515
460,516,459,402,517,461,403
461,517,460,462,518,403,404
462,404,405,461,518,519,463
463,464,520,406,405,462,519
464,465,407,520,463,406,521
465,464,407,408,466,522,521
466,523,522,408,465,409,467
467,523,524,409,410,468,466
468,354,411,525,524,410,467
469,526,527,470,575,525,411
470,527,469,471,528,412,411
471,470,528,529,472,412,413
472,529,530,473,471,413,414
473,530,472,414,415,531,474
474,475,416,532,531,473,415
475,476,533,474,416,532,417
476,475,533,477,418,534,417
477,476,418,535,478,534,419
478,420,419,535,477,536,479
479,480,537,536,478,420,421
480,422,481,479,537,421,538
481,423,1180,539,480,422,538
482,483,540,424,1179,1288,1236
483,482,540,541,484,425,424
484,542,541,485,483,425,426
485,542,484,486,426,427
486,487,542,485,428,427
487,428,429,488,486,542
488,489,542,487,429,430
489,431,490,542,488,430
490,431,491,489,543,542
491,431,490,543,544,432,492
492,432,433,545,544,493,491
493,433,492,494,546,434,545
494,435,434,493,546,495,547
495,435,436,494,548,547,496
496,436,437,497,548,549,495
497,498,550,549,438,437,496
498,550,497,439,499,551,438
499,440,500,552,551,439,498
500,499,440,501,553,552,441
501,442,502,441,554,553,500
502,442,501,443,555,554,503
503,504,556,555,443,502,444
504,557,556,503,445,444,505
505,446,445,504,557,558,506
506,559,558,446,447,507,505
507,560,559,447,506,508,448
508,448,449,560,450,507
509,452,453,601,560,451,450,510,561
510,511,561,454,509,453
511,561,510,454,455,512
512,511,455,562,561,513,456
513,457,456,563,514,562,512
514,458,457,515,563,513,564
515,458,514,459,564,565,516
516,459,460,517,566,565,515
517,567,518,516,460,461,566
518,567,517,461,462,519,568
519,518,462,568,569,520,463
520,464,463,521,570,569,519
521,520,570,522,571,465,464
522,523,466,571,521,572,465
523,573,524,522,466,467,572
524,574,573,523,467,468,525
525,575,574,411,468,469,524
526,469,527,576,614,577,575
527,526,469,577,578,470,528
528,470,471,579,578,527,529
529,472,530,579,528,580,471
530,531,581,529,472,580,473
531,530,581,474,532,582,473
532,474,531,582,583,533,475
533,475,476,583,584,532,534
534,533,476,584,585,477,535
535,477,478,534,585,536
536,478,479,537,585,535
537,538,585,479,480,536
538,537,585,480,539,481
539,1180,481,1237,585,538
540,482,483,1285,541,1288,1286,1287
541,542,484,483,1285,540,1284
542,541,484,489,488,485,490,543,486,487,1283,1284
543,490,491,643,666,684,697,618,586,544,542
544,492,545,586,543,491
545,492,544,587,586,546,493
546,547,588,493,494,587,545
547,546,588,589,548,495,494
548,549,590,589,496,547,495
549,548,590,591,550,497,496
550,498,497,591,549,592,551
551,552,499,593,592,550,498
552,594,593,551,499,500,553
553,595,554,501,500,552,594
554,595,553,501,502,555,596
555,502,554,503,556,596,597
556,557,504,597,598,503,555
557,599,598,556,504,505,558
558,559,506,557,505,599,600
559,558,506,507,560,600
560,654,600,508,450,507,559,601,509,655,714
561,511,510,509,562,512,601
562,561,512,563,513,601
563,513,514,562,602,564,601
564,565,603,602,563,514,515
565,516,566,603,564,604,515
566,605,604,516,565,567,517
567,517,518,568,566,605,606
568,567,518,607,606,569,519
569,570,608,568,607,519,520
570,569,608,571,609,520,521
571,610,609,570,522,521,572
572,573,611,610,571,523,522
573,524,574,523,611,572,612
574,575,525,613,524,573,612
575,574,525,613,469,526,614
576,615,642,614,526,577,616
577,616,617,527,526,578,576
578,527,577,579,528,617
579,578,528,529,617,580
580,581,530,617,579,529
581,530,531,580,617,582
582,617,583,531,532,581
583,617,582,533,584,532
584,583,533,617,585,534
585,617,711,537,538,539,1237,584,534,535,536,1289,1326
586,587,618,545,543,544
587,618,586,545,619,588,546
588,546,547,589,620,619,587
589,548,590,621,620,588,547
590,548,549,589,622,621,591
591,549,550,592,623,622,590
592,593,551,624,623,550,591
593,594,552,592,551,625,624
594,626,595,593,552,553,625
595,626,594,553,554,596,627
596,597,628,627,595,554,555
597,628,596,629,556,598,555
598,557,599,630,629,597,556
599,557,598,600,630,558
600,654,560,630,599,559,558
601,560,509,602,631,655,561,562,563
602,631,601,603,563,564
603,565,564,604,631,602
604,605,566,631,603,632,565
605,604,566,632,567,633,606
606,607,634,633,568,605,567
607,606,634,568,635,569,608
608,569,570,609,636,607,635
609,571,610,636,637,570,608
610,571,609,637,638,611,572
611,638,610,573,572,612,639
612,573,611,639,640,613,574
613,574,575,641,640,614,612
614,642,641,576,526,613,575
615,576,642,665,711,616
616,577,617,576,615,711
617,616,577,585,711,582,583,578,579,580,581,584
618,643,619,587,586,543
619,644,643,588,620,618,587
620,621,645,589,588,619,644
621,645,620,589,590,622,646
622,647,623,646,591,590,621
623,648,647,622,624,592,591
624,649,648,623,592,625,593
625,594,593,649,624,626,650
626,594,595,651,650,627,625
627,652,651,596,628,595,626
628,597,596,652,653,627,629
629,653,654,630,598,628,597
630,600,599,629,654,598
631,602,601,604,603,632,655
632,631,604,633,655,605
633,634,656,606,655,632,605
634,606,607,633,656,657,635
635,658,636,657,634,607,608
636,658,635,609,637,659,608
637,610,638,636,609,660,659
638,637,610,611,660,661,639
639,662,661,612,611,638,640
640,641,613,663,639,612,662
641,642,614,664,663,640,613
642,641,614,576,615,664,665
643,644,619,666,543,618
644,667,666,643,619,645,620
645,621,620,668,667,646,644
646,669,668,647,645,622,621
647,648,623,670,669,622,646
648,671,649,647,623,670,624
649,671,648,624,672,625,650
650,626,651,673,672,625,649
651,626,650,673,674,652,627
652,674,651,675,628,653,627
653,629,654,675,652,628
654,600,560,703,675,653,629,630,714
655,631,601,676,704,560,714,633,632,656
656,633,634,655,676,657
657,634,635,656,676,658
658,635,636,659,677,657,676
659,677,678,658,636,660,637
660,659,678,637,638,679,661
661,639,662,638,679,660,680
662,639,661,681,680,663,640
663,641,664,682,640,681,662
664,641,642,683,665,663,682
665,615,711,683,664,642
666,644,667,643,543,684
667,644,666,668,645,684,685
668,669,646,667,645,685,686
669,687,686,670,647,668,646
670,687,669,647,671,648,688
671,689,688,648,649,672,670
672,689,671,650,673,649,690
673,651,674,650,672,691,690
674,673,651,652,691,675
675,654,703,653,691,674,652
676,704,655,656,657,658,677,692
677,659,678,658,676,692
678,677,659,660,692,679
679,678,660,692,680,693,661
680,679,693,694,661,681,662
681,694,680,662,695,682,663
682,696,695,663,664,681,683
683,696,711,664,665,682
684,667,685,543,697,666
685,684,667,668,686,698,697
686,669,687,699,698,685,668
687,669,686,699,700,688,670
688,689,671,700,687,701,670
689,688,671,672,702,690,701
690,702,689,703,691,672,673
691,690,703,673,674,675
692,677,678,676,679,704,693
693,679,680,694,692,704
694,693,680,704,705,695,681
695,682,696,705,694,706,681
696,683,711,682,695,706
697,698,707,712,715,543,684,685
698,707,697,699,686,685
699,700,708,707,687,698,686
700,699,708,709,701,687,688
701,709,700,702,710,688,689
702,710,701,689,690,703
703,654,675,702,690,710,714,691
704,676,655,692,693,694,705,711
705,711,704,706,694,695
706,696,711,705,695
707,698,697,699,708,712
708,699,700,707,712,713,709
709,700,701,714,713,710,708
710,702,701,709,714,703
711,617,585,696,683,665,615,705,704,706,616
712,697,715,708,713,707
713,714,709,712,708,715
714,713,709,715,560,655,710,703,654
715,697,712,713,714
716,1430,720,1449,719,718,1448
717,727,1509,718,728,1448,1467
718,729,728,719,716,1448,717
719,720,731,730,718,729,716
720,731,719,732,716,1430,1749
721,739,1751,1602,1493,1641,738
722,1631,742,741,740,1722,1751
723,1440,1439,750,1479,749,748
724,44,753,754,1619,1591,725
725,1587,726,1591,724,754,755
726,1587,1509,725,756,727,755
727,1509,717,756,757,728,726
728,729,718,717,758,757,727
729,728,718,758,759,719,730
730,719,731,760,759,761,729
731,732,762,720,719,730,761
732,762,731,720,1749,733,763
733,1749,1750,734,764,732,763
734,735,765,733,764,1701,1750
735,736,766,734,765,1571,1701
736,767,766,737,735,1571,1518
737,768,767,736,1518,1493,738
738,768,769,1493,721,737,739
739,721,1751,740,738,770,769
740,739,1751,722,741,771,770
741,772,773,722,740,771,742
742,722,1631,741,774,743,773
743,774,742,1631,744,1561,775
744,1561,1560,776,775,745,743
745,776,744,1568,746,1560,777
746,1568,745,777,1629,778,1752
747,748,782,1539,1479,781,1634
748,782,747,749,723,1479,783
749,785,750,748,723,783,784
750,1440,723,751,786,785,749
751,787,752,1440,1441,750,786
752,787,751,788,1466,1441,1465
753,44,724,754,81,789
754,790,789,724,753,725,755
755,756,791,754,725,790,726
756,755,791,727,757,726,792
757,793,792,756,727,728,758
758,729,759,794,728,757,793
759,730,760,758,729,794,795
760,730,759,797,761,796,795
761,762,731,730,798,797,760
762,732,731,763,799,761,798
763,762,799,764,800,733,732
764,801,765,733,734,800,763
765,734,735,766,801,764,802
766,736,767,735,765,803,802
767,736,766,804,803,737,768
768,737,767,738,769,804,805
769,770,806,768,738,805,739
770,806,769,807,771,739,740
771,807,770,740,741,808,772
772,741,773,810,808,809,771
773,772,741,810,811,774,742
774,811,812,742,743,775,773
775,776,744,812,813,774,743
776,814,813,775,744,745,777
777,815,778,776,814,745,746
778,815,777,816,746,1752,779
779,1731,780,1752,817,816,778
780,779,1731,781,1634,817,818
781,782,819,818,747,1634,780
782,748,747,781,819,783,820
783,748,749,784,782,820,821
784,823,822,785,783,749,821
785,824,823,784,749,750,786
786,751,750,824,785,825,787
787,751,752,788,826,825,786
788,45,11,752,787,826,82,1465
789,790,754,827,81,753,828
790,789,754,791,829,828,755
791,755,756,790,829,830,792
792,793,757,791,756,831,830
793,794,832,792,757,831,758
794,793,832,759,795,758,833
795,794,759,760,833,834,796
796,797,760,795,834,835,836
797,798,837,761,760,796,836
798,837,797,761,838,762,799
799,762,763,800,839,838,798
800,839,799,801,764,763,840
801,764,765,802,800,841,840
802,842,841,801,765,766,803
803,804,767,766,802,842,843
804,803,767,843,844,768,805
805,769,806,845,804,768,844
806,770,769,805,846,807,845
807,808,847,770,771,846,806
808,847,807,772,809,771,848
809,808,772,848,850,810,849
810,773,772,811,851,850,809
811,810,773,774,812,852,851
812,811,774,775,813,853,852
813,776,814,854,853,812,775
814,776,813,855,815,854,777
815,777,778,855,814,816,856
816,857,856,817,779,815,778
817,816,857,779,780,858,818
818,819,859,781,780,817,858
819,781,782,818,859,860,820
820,782,783,860,819,821,861
821,862,861,822,820,783,784
822,823,784,864,862,863,821
823,822,784,864,824,785,865
824,823,785,866,825,865,786
825,866,824,786,787,867,826
826,868,82,788,787,867,825
827,81,789,870,869,164,121,828
828,829,871,790,789,870,827
829,828,871,790,791,830,872
830,829,791,831,792,873,872
831,830,792,873,874,832,793
832,793,794,833,874,831,875
833,876,834,832,794,795,875
834,835,877,876,833,795,796
835,877,834,879,878,796,836
836,797,837,796,879,835,880
837,798,797,838,836,880,881
838,837,798,799,881,839,882
839,883,882,800,799,838,840
840,884,883,801,841,839,800
841,842,802,801,840,884,885
842,841,802,885,886,843,803
843,804,844,842,886,887,803
844,843,804,888,845,887,805
845,888,844,806,805,846,889
846,847,890,806,807,845,889
847,808,807,890,846,848,891
848,891,847,808,892,809,849
849,892,848,894,850,893,809
850,851,895,894,849,810,809
851,896,852,895,850,811,810
852,897,853,896,851,811,812
853,897,852,898,854,813,812
854,855,899,898,814,813,853
855,854,899,814,815,900,856
856,857,816,901,900,855,815
857,856,816,901,902,817,858
858,903,902,857,817,818,859
859,860,904,818,819,858,903
860,904,859,819,905,861,820
861,821,862,905,860,906,820
862,822,863,821,861,907,906
863,862,822,864,909,908,907
864,822,823,863,909,865,910
865,823,824,864,866,911,910
866,824,825,912,911,865,867
867,825,826,913,868,912,866
868,826,82,122,913,867
869,914,258,827,870,164,209
870,827,869,828,871,915,914
871,828,829,872,916,915,870
872,916,871,830,873,829,917
873,918,917,830,872,831,874
874,831,873,918,919,875,832
875,876,920,919,874,832,833
876,834,877,875,920,833,921
877,835,834,876,878,922,921
878,923,922,879,835,877,924
879,878,835,924,836,880,925
880,881,926,836,837,879,925
881,880,926,837,838,927,882
882,839,883,928,927,881,838
883,884,840,839,882,929,928
884,883,840,930,885,841,929
885,930,931,884,841,842,886
886,931,932,887,885,842,843
887,888,933,932,886,844,843
888,887,933,844,845,889,934
889,934,888,890,935,845,846
890,847,846,935,889,891,936
891,936,937,848,847,890,892
892,891,848,849,938,893,937
893,894,940,939,938,892,849
894,940,893,849,850,941,895
895,942,941,896,851,850,894
896,851,852,895,942,897,943
897,944,943,852,853,898,896
898,897,853,945,944,899,854
899,854,855,900,946,945,898
900,901,947,899,855,946,856
901,900,947,857,902,948,856
902,949,948,901,857,903,858
903,950,949,902,858,859,904
904,860,859,951,950,903,905
905,906,952,951,860,861,904
906,905,952,953,907,862,861
907,953,906,954,908,862,863
908,955,954,907,909,956,863
909,863,864,910,908,956,957
910,957,958,865,911,909,864
911,912,866,865,910,959,958
912,960,913,911,866,867,959
913,165,210,960,912,122,868,867
914,869,258,961,915,870,962
915,871,916,870,914,962,963
916,872,871,917,964,915,963
917,873,918,964,916,965,872
918,873,917,965,966,919,874
919,967,966,918,874,920,875
920,875,876,968,967,921,919
921,968,969,920,922,877,876
922,878,923,970,969,921,877
923,878,922,972,971,970,924
924,925,973,878,879,972,923
925,924,973,880,879,926,974
926,880,881,975,974,925,927
927,928,976,882,975,926,881
928,976,927,883,929,882,977
929,978,977,883,928,884,930
930,885,931,978,979,884,929
931,979,980,886,932,930,885
932,931,886,887,933,980,981
933,887,888,932,981,982,934
934,983,982,889,888,935,933
935,984,936,890,889,983,934
936,984,935,891,937,985,890
937,936,891,985,986,938,892
938,939,893,937,986,987,892
939,940,989,893,938,988,987
940,894,893,939,989,990,941
941,895,942,940,990,991,894
942,895,941,896,992,991,943
943,993,992,897,944,942,896
944,897,943,945,898,994,993
945,995,994,944,898,946,899
946,995,945,996,947,900,899
947,900,901,948,997,996,946
948,902,949,997,998,947,901
949,902,948,998,903,950,999
950,903,949,999,904,951,1000
951,905,952,1001,1000,904,950
952,905,906,951,1001,1002,953
953,906,907,1002,952,1003,954
954,908,955,953,907,1003,1004
955,908,954,1005,1004,956,1006
956,908,909,957,955,1007,1006
957,910,958,909,956,1008,1007
958,957,910,911,959,1009,1008
959,960,912,1010,911,958,1009
960,912,913,210,959,1011,1010
961,914,258,962,1012,310
962,1012,961,915,914,1013,963
963,1014,964,916,915,962,1013
964,1014,963,917,916,965,1015
965,918,917,964,1015,1016,966
966,1017,1016,919,967,965,918
967,919,966,920,968,1017,1018
968,1019,1018,921,969,920,967
969,970,1020,968,921,1019,922
970,1020,969,971,1021,922,923
971,970,1021,923,972,1023,1022
972,923,971,1024,1023,973,924
973,924,925,1025,1024,974,972
974,926,975,925,1026,973,1025
975,1027,1026,926,974,927,976
976,1028,1027,928,927,975,977
977,929,978,976,1028,1029,928
978,929,977,1030,1029,930,979
979,931,980,978,930,1030,1031
980,979,931,1032,1031,932,981
981,1032,1033,982,932,933,980
982,983,934,1033,981,1034,933
983,982,934,1034,1035,935,984
984,935,936,1036,1035,985,983
985,936,937,986,1037,1036,984
986,1037,1038,985,937,987,938
987,1039,1038,986,988,938,939
988,1041,1040,987,1039,989,939
989,939,940,988,990,1041,1042
990,991,1043,989,940,1042,941
991,1044,992,1043,990,942,941
992,943,993,1044,991,942,1045
993,943,992,1045,1046,994,944
994,1046,1047,995,945,993,944
995,994,945,946,1047,1048,996
996,997,1049,1048,995,946,947
997,1050,1049,948,998,996,947
998,997,948,1051,1050,949,999
999,1052,1051,1000,950,949,998
1000,1052,999,951,1001,1053,950
1001,951,1000,952,1002,1054,1053
1002,1003,1055,1054,1001,952,953
1003,1055,1002,1004,1056,953,954
1004,1057,1056,1005,1003,955,954
1005,1059,1058,1004,1057,955,1006
1006,1007,1060,1059,1005,955,956
1007,1060,1006,1061,1008,957,956
1008,1061,1007,1062,957,958,1009
1009,1063,1062,959,1010,958,1008
1010,959,960,1064,1011,1009,1063
1011,1064,311,259,960,210,1010
1012,1065,310,962,961,1013,1066
1013,1067,1066,1012,962,1014,963
1014,963,964,1013,1068,1067,1015
1015,1069,1068,1014,964,965,1016
1016,966,1017,1070,965,1015,1069
1017,1018,1071,966,1016,1070,967
1018,1019,968,1017,1071,1072,967
1019,1073,1072,1018,968,1020,969
1020,970,969,1073,1019,1021,1074
1021,970,971,1020,1075,1074,1022
1022,1077,1076,1075,1023,971,1021
1023,972,1024,1078,1022,971,1077
1024,973,1025,972,1023,1079,1078
1025,973,1024,1026,1080,974,1079
1026,975,1027,1025,1080,1081,974
1027,976,1028,975,1026,1082,1081
1028,976,1027,1082,977,1083,1029
1029,1084,1083,1030,978,977,1028
1030,1084,1029,978,1031,1085,979
1031,1086,1085,1030,1032,980,979
1032,981,1033,1031,980,1086,1087
1033,1032,981,982,1088,1087,1034
1034,983,1035,1088,1089,1033,982
1035,1034,983,1036,984,1090,1089
1036,1091,1090,1037,985,1035,984
1037,1091,1036,986,1038,985,1092
1038,1037,986,1039,987,1093,1092
1039,1038,987,1093,1094,988,1040
1040,1094,1095,988,1041,1096,1039
1041,988,1040,1096,989,1042,1097
1042,1097,1098,1041,989,990,1043
1043,1044,1099,1098,991,990,1042
1044,991,992,1099,1043,1100,1045
1045,993,1046,992,1100,1044,1101
1046,1102,1101,1047,994,1045,993
1047,1103,1102,1046,994,1048,995
1048,1104,1103,1047,1049,996,995
1049,1050,997,996,1048,1104,1105
1050,1049,997,1051,998,1106,1105
1051,999,1052,1050,998,1107,1106
1052,999,1051,1000,1108,1107,1053
1053,1052,1000,1001,1054,1109,1108
1054,1110,1109,1002,1001,1053,1055
1055,1003,1002,1110,1054,1111,1056
1056,1004,1057,1112,1003,1055,1111
1057,1004,1056,1005,1112,1058,1113
1058,1059,1005,1114,1113,1057,1115
1059,1058,1005,1006,1060,1116,1115
1060,1007,1006,1059,1061,1117,1116
1061,1007,1060,1117,1118,1062,1008
1062,1063,1009,1061,1118,1008,1119
1063,1062,1009,1010,1064,1120,1119
1064,1121,1120,311,1011,1010,1063
1065,1122,423,1012,310,365,1066,1123
1066,1067,1124,1013,1123,1065,1012
1067,1124,1066,1013,1068,1125,1014
1068,1069,1126,1015,1067,1125,1014
1069,1126,1068,1127,1015,1016,1070
1070,1127,1128,1016,1017,1071,1069
1071,1017,1018,1072,1129,1128,1070
1072,1019,1073,1071,1018,1129,1130
1073,1019,1072,1020,1130,1131,1074
1074,1131,1132,1073,1020,1021,1075
1075,1076,1022,1132,1133,1021,1074
1076,1022,1077,1075,1135,1134,1133
1077,1022,1076,1023,1078,1135,1136
1078,1136,1137,1024,1079,1023,1077
1079,1080,1138,1024,1078,1025,1137
1080,1139,1138,1025,1026,1079,1081
1081,1026,1027,1082,1140,1080,1139
1082,1028,1027,1081,1140,1141,1083
1083,1029,1084,1142,1141,1082,1028
1084,1029,1083,1030,1142,1143,1085
1085,1031,1086,1030,1144,1143,1084
1086,1145,1144,1031,1085,1032,1087
1087,1088,1033,1146,1145,1086,1032
1088,1034,1089,1087,1033,1146,1147
1089,1088,1034,1090,1148,1147,1035
1090,1091,1036,1148,1089,1149,1035
1091,1090,1036,1037,1149,1092,1150
1092,1093,1038,1151,1150,1091,1037
1093,1092,1038,1152,1151,1094,1039
1094,1040,1095,1152,1093,1039
1095,1152,1153,1094,1040,1096
1096,1040,1041,1095,1153,1154,1097
1097,1042,1098,1155,1154,1041,1096
1098,1099,1156,1043,1097,1042,1155
1099,1156,1098,1044,1043,1100,1157
1100,1157,1099,1044,1158,1045,1101
1101,1046,1102,1159,1158,1100,1045
1102,1046,1101,1047,1103,1160,1159
1103,1104,1048,1047,1102,1160,1161
1104,1105,1162,1103,1048,1161,1049
1105,1162,1104,1050,1106,1049,1163
1106,1050,1105,1107,1051,1164,1163
1107,1108,1052,1165,1106,1051,1164
1108,1107,1052,1166,1165,1053,1109
1109,1054,1110,1167,1053,1108,1166
1110,1054,1109,1167,1055,1111,1168
1111,1169,1168,1110,1055,1056,1112
1112,1057,1056,1113,1170,1111,1169
1113,1058,1114,1057,1112,1171,1170
1114,1058,1113,1172,1171,1173,1115
1115,1116,1174,1059,1173,1114,1058
1116,1175,1174,1060,1059,1117,1115
1117,1061,1118,1175,1176,1060,1116
1118,1176,1177,1117,1061,1062,1119
1119,1178,1177,1062,1063,1120,1118
1120,1121,1064,1063,1179,1178,1119
1121,1120,1064,311,366,1179
1122,423,1065,1180,1181,1123
1123,1124,1066,1181,1182,1065,1122
1124,1067,1066,1123,1183,1182,1125
1125,1183,1124,1184,1126,1067,1068
1126,1069,1068,1127,1185,1184,1125
1127,1126,1069,1070,1128,1185,1186
1128,1071,1129,1127,1070,1187,1186
1129,1072,1071,1187,1188,1128,1130
1130,1189,1188,1072,1129,1131,1073
1131,1189,1130,1074,1132,1190,1073
1132,1191,1190,1131,1074,1075,1133
1133,1192,1134,1132,1075,1076,1191
1134,1194,1193,1192,1133,1135,1076
1135,1136,1195,1134,1076,1194,1077
1136,1078,1137,1196,1195,1135,1077
1137,1136,1078,1138,1197,1079,1196
1138,1080,1139,1079,1198,1137,1197
1139,1080,1138,1198,1081,1199,1140
1140,1200,1199,1141,1081,1082,1139
1141,1142,1201,1140,1200,1082,1083
1142,1141,1201,1202,1143,1083,1084
1143,1144,1203,1202,1142,1085,1084
1144,1145,1086,1143,1203,1085,1204
1145,1144,1086,1146,1205,1087,1204
1146,1145,1205,1147,1206,1087,1088
1147,1206,1146,1207,1088,1089,1148
1148,1090,1089,1149,1207,1147,1208
1149,1091,1090,1148,1208,1209,1150
1150,1151,1092,1149,1209,1091,1210
1151,1150,1092,1152,1093,1210
1152,1095,1153,1151,1093,1094,1210
1153,1152,1095,1096,1154,1211,1210,1265
1154,1155,1211,1153,1096,1097
1155,1154,1211,1097,1098,1156,1212
1156,1099,1098,1213,1212,1155,1157
1157,1156,1213,1100,1099,1214,1158
1158,1214,1215,1159,1101,1157,1100
1159,1160,1216,1215,1101,1102,1158
1160,1103,1161,1217,1159,1216,1102
1161,1160,1103,1218,1162,1217,1104
1162,1105,1104,1218,1161,1163,1219
1163,1106,1164,1105,1220,1162,1219
1164,1220,1221,1165,1107,1106,1163
1165,1108,1166,1222,1221,1107,1164
1166,1223,1167,1108,1165,1222,1109
1167,1223,1166,1110,1109,1168,1224
1168,1169,1111,1225,1167,1110,1224
1169,1168,1111,1225,1226,1170,1112
1170,1113,1171,1112,1227,1226,1169
1171,1113,1170,1228,1227,1114,1172
1172,1230,1229,1114,1171,1173,1228
1173,1230,1172,1174,1231,1114,1115
1174,1116,1175,1232,1231,1173,1115
1175,1116,1174,1232,1117,1176,1233
1176,1118,1177,1175,1117,1234,1233
1177,1235,1234,1119,1178,1176,1118
1178,1119,1177,1236,1235,1179,1120
1179,366,424,482,1178,1120,1121,1236
1180,481,423,1181,1237,539,1122
1181,1182,1237,1180,1122,1123
1182,1181,1237,1183,1124,1123,1238
1183,1182,1124,1125,1239,1238,1184
1184,1185,1126,1125,1183,1239,1240
1185,1184,1126,1240,1127,1186,1241
1186,1187,1242,1128,1185,1127,1241
1187,1188,1243,1186,1242,1129,1128
1188,1243,1187,1129,1130,1189,1244
1189,1130,1188,1131,1244,1245,1190
1190,1246,1245,1191,1132,1189,1131
1191,1190,1132,1246,1247,1133,1192
1192,1247,1248,1193,1133,1134,1191
1193,1194,1134,1248,1192,1249,1250
1194,1193,1134,1135,1251,1250,1195
1195,1136,1196,1135,1252,1251,1194
1196,1253,1252,1136,1195,1197,1137
1197,1198,1254,1137,1138,1196,1253
1198,1254,1197,1138,1139,1199,1255
1199,1256,1255,1200,1140,1198,1139
1200,1199,1140,1256,1141,1257,1201
1201,1258,1202,1141,1142,1257,1200
1202,1258,1201,1142,1143,1259,1203
1203,1143,1144,1204,1260,1259,1202
1204,1203,1260,1261,1205,1145,1144
1205,1145,1146,1206,1262,1261,1204
1206,1262,1205,1147,1146,1207,1263
1207,1264,1263,1206,1208,1147,1148
1208,1264,1207,1209,1148,1149
1209,1264,1208,1210,1149,1150
1210,1265,1309,1264,1209,1150,1151,1152,1153
1211,1154,1155,1212,1265,1153
1212,1211,1265,1213,1156,1266,1155
1213,1214,1267,1212,1156,1266,1157
1214,1213,1267,1268,1215,1158,1157
1215,1269,1216,1159,1214,1268,1158
1216,1269,1215,1159,1160,1217,1270
1217,1160,1161,1218,1216,1270,1271
1218,1161,1162,1217,1272,1219,1271
1219,1272,1218,1273,1162,1163,1220
1220,1164,1221,1273,1274,1163,1219
1221,1220,1164,1222,1165,1274,1275
1222,1166,1165,1221,1223,1275,1276
1223,1166,1167,1276,1277,1224,1222
1224,1277,1223,1167,1168,1225,1278
1225,1168,1169,1279,1278,1226,1224
1226,1169,1170,1227,1225,1280,1279
1227,1171,1228,1170,1281,1280,1226
1228,1171,1227,1281,1172,1229,1282
1229,1230,1172,1228,1282,1283
1230,1229,1172,1173,1231,1283
1231,1283,1232,1174,1173,1230
1232,1174,1175,1283,1284,1233,1231
1233,1285,1234,1176,1175,1284,1232
1234,1177,1235,1286,1285,1233,1176
1235,1177,1234,1236,1178,1287,1286
1236,1235,1178,1287,1179,482,1288
1237,1181,1182,1180,539,585,1289,1238
1238,1239,1289,1183,1237,1182
1239,1238,1289,1183,1184,1240
1240,1239,1184,1289,1185,1241
1241,1242,1289,1240,1185,1186
1242,1186,1187,1243,1289,1241
1243,1188,1187,1242,1289,1244
1244,1243,1188,1245,1290,1289,1189
1245,1190,1246,1290,1244,1291,1189
1246,1190,1245,1191,1247,1291,1292
1247,1192,1248,1293,1246,1191,1292
1248,1247,1192,1193,1293,1294,1249
1249,1295,1294,1250,1296,1193,1248
1250,1296,1249,1193,1251,1297,1194
1251,1252,1298,1297,1250,1194,1195
1252,1196,1253,1298,1251,1299,1195
1253,1196,1252,1299,1197,1254,1300
1254,1198,1197,1300,1253,1301,1255
1255,1199,1256,1301,1254,1198,1302
1256,1199,1255,1200,1257,1303,1302
1257,1258,1304,1256,1303,1200,1201
1258,1259,1305,1304,1257,1201,1202
1259,1258,1305,1306,1203,1260,1202
1260,1203,1204,1259,1306,1307,1261
1261,1307,1260,1308,1204,1262,1205
1262,1206,1205,1309,1308,1263,1261
1263,1264,1207,1206,1309,1262
1264,1263,1207,1208,1209,1309,1210
1265,1211,1212,1423,1363,1309,1210,1364,1266,1153,1310
1266,1265,1212,1213,1267,1310
1267,1213,1214,1268,1311,1266,1310
1268,1267,1311,1214,1215,1312,1269
1269,1215,1216,1270,1313,1268,1312
1270,1314,1271,1313,1269,1216,1217
1271,1315,1272,1314,1270,1217,1218
1272,1315,1271,1218,1219,1273,1316
1273,1274,1317,1220,1272,1219,1316
1274,1317,1273,1275,1318,1220,1221
1275,1274,1318,1222,1221,1319,1276
1276,1223,1277,1320,1222,1319,1275
1277,1321,1320,1278,1276,1223,1224
1278,1279,1225,1322,1321,1277,1224
1279,1278,1225,1280,1323,1322,1226
1280,1324,1323,1227,1281,1226,1279
1281,1227,1228,1280,1282,1325,1324
1282,1229,1283,1228,1281,1325
1283,1284,542,1232,1231,1230,1282,1229,1325,1352,1376,1428
1284,1283,542,1285,541,1233,1232
1285,1286,1234,1233,540,541,1284
1286,1285,1234,540,1287,1235
1287,1236,1235,540,1286,1288
1288,482,1236,540,1287
1289,1242,1243,1238,1239,1237,585,1326,1240,1241,1244,1290
1290,1291,1326,1245,1244,1289
1291,1290,1326,1246,1245,1292
1292,1246,1291,1247,1326,1293
1293,1247,1248,1294,1326,1292
1294,1295,1249,1326,1293,1248
1295,1294,1249,1296,1327,1326
1296,1295,1327,1250,1249,1328,1297
1297,1251,1250,1328,1296,1329,1298
1298,1252,1251,1297,1299,1330,1329
1299,1253,1252,1300,1331,1330,1298
1300,1331,1299,1254,1253,1332,1301
1301,1302,1333,1332,1254,1255,1300
1302,1301,1333,1334,1255,1256,1303
1303,1256,1257,1302,1304,1334,1335
1304,1258,1257,1303,1335,1336,1305
1305,1258,1259,1306,1337,1336,1304
1306,1305,1259,1338,1337,1260,1307
1307,1260,1261,1306,1338,1308
1308,1338,1309,1307,1261,1262
1309,1338,1308,1265,1363,1262,1210,1263,1264
1310,1266,1265,1267,1311,1339,1364
1311,1267,1268,1312,1310,1339
1312,1311,1268,1313,1340,1339,1269
1313,1340,1341,1270,1269,1312,1314
1314,1270,1271,1341,1342,1313,1315
1315,1271,1272,1343,1342,1316,1314
1316,1272,1273,1317,1343,1315,1344
1317,1274,1273,1318,1345,1316,1344
1318,1319,1346,1274,1275,1345,1317
1319,1346,1318,1347,1320,1276,1275
1320,1277,1321,1348,1347,1319,1276
1321,1322,1349,1277,1320,1348,1278
1322,1323,1350,1349,1321,1279,1278
1323,1324,1280,1322,1350,1351,1279
1324,1323,1280,1351,1352,1325,1281
1325,1282,1283,1281,1352,1324
1326,1290,1291,1289,585,1294,1293,1292,1295,1353,1327,1377,1395,1408
1327,1295,1296,1354,1328,1353,1326
1328,1329,1355,1354,1327,1296,1297
1329,1355,1328,1297,1356,1330,1298
1330,1357,1356,1331,1299,1298,1329
1331,1358,1357,1300,1299,1330,1332
1332,1301,1333,1359,1300,1331,1358
1333,1301,1302,1332,1359,1334,1360
1334,1335,1361,1333,1360,1302,1303
1335,1361,1334,1362,1336,1303,1304
1336,1362,1335,1363,1337,1304,1305
1337,1363,1336,1306,1338,1305
1338,1308,1309,1306,1337,1307,1363
1339,1310,1311,1312,1340,1364
1340,1313,1341,1365,1312,1364,1339
1341,1340,1313,1365,1314,1342,1366
1342,1343,1367,1315,1341,1314,1366
1343,1342,1367,1315,1316,1344,1368
1344,1345,1369,1368,1316,1317,1343
1345,1346,1370,1369,1344,1318,1317
1346,1370,1345,1347,1371,1319,1318
1347,1346,1371,1348,1320,1372,1319
1348,1320,1321,1372,1373,1347,1349
1349,1322,1321,1350,1374,1373,1348
1350,1374,1375,1351,1322,1323,1349
1351,1352,1376,1375,1350,1323,1324
1352,1351,1376,1325,1283,1324
1353,1327,1354,1326,1377
1354,1327,1328,1355,1353,1377,1378
1355,1329,1328,1354,1379,1356,1378
1356,1330,1357,1379,1355,1380,1329
1357,1330,1356,1380,1358,1331,1381
1358,1357,1331,1381,1359,1382,1332
1359,1382,1358,1332,1333,1383,1360
1360,1384,1383,1333,1334,1359,1361
1361,1335,1334,1362,1360,1384
1362,1384,1363,1335,1336,1361
1363,1384,1362,1265,1423,1336,1337,1410,1309,1338
1364,1423,1265,1385,1365,1340,1310,1339,1411
1365,1385,1366,1341,1340,1364
1366,1385,1365,1367,1386,1341,1342
1367,1342,1343,1366,1386,1368,1387
1368,1388,1369,1387,1344,1343,1367
1369,1345,1344,1388,1368,1370,1389
1370,1346,1345,1389,1390,1369,1371
1371,1391,1390,1346,1347,1370,1372
1372,1392,1373,1391,1348,1347,1371
1373,1392,1372,1393,1374,1348,1349
1374,1375,1394,1350,1349,1393,1373
1375,1394,1376,1374,1350,1351
1376,1394,1375,1351,1352,1407,1283,1428,1417,1422,1426
1377,1395,1326,1353,1354,1378
1378,1396,1395,1354,1377,1355,1379
1379,1355,1356,1397,1396,1378,1380
1380,1356,1357,1398,1397,1379,1381
1381,1357,1358,1398,1399,1380,1382
1382,1359,1358,1399,1381,1383
1383,1399,1384,1382,1359,1360
1384,1362,1363,1399,1383,1360,1410,1361
1385,1365,1366,1400,1411,1364,1386
1386,1366,1367,1387,1400,1385
1387,1368,1388,1401,1400,1386,1367
1388,1368,1369,1387,1389,1402,1401
1389,1370,1390,1403,1388,1402,1369
1390,1389,1370,1404,1403,1371,1391
1391,1405,1392,1371,1390,1372,1404
1392,1405,1391,1372,1373,1393,1406
1393,1406,1407,1394,1373,1374,1392
1394,1375,1376,1374,1407,1393
1395,1378,1396,1377,1326,1408
1396,1378,1395,1397,1379,1409,1408
1397,1396,1379,1380,1398,1409,1410
1398,1380,1397,1410,1381,1399
1399,1383,1384,1398,1381,1382,1410
1400,1385,1411,1401,1387,1386
1401,1400,1411,1387,1388,1402,1412
1402,1388,1389,1412,1413,1403,1401
1403,1404,1390,1414,1389,1402,1413
1404,1403,1390,1414,1391,1405,1415
1405,1391,1392,1404,1415,1406,1416
1406,1393,1407,1416,1417,1392,1405
1407,1406,1393,1394,1376,1417
1408,1395,1326,1396,1409
1409,1396,1397,1408,1410
1410,1398,1397,1409,1399,1384,1363
1411,1385,1400,1401,1423,1364,1412,1418
1412,1402,1413,1411,1401,1418
1413,1412,1402,1403,1419,1418,1414
1414,1404,1403,1420,1415,1413,1419
1415,1420,1414,1404,1405,1416,1421
1416,1406,1417,1405,1422,1421,1415
1417,1416,1406,1407,1422,1376
1418,1423,1419,1411,1413,1412
1419,1423,1418,1424,1413,1414,1420
1420,1414,1415,1419,1424,1421,1425
1421,1416,1422,1426,1425,1415,1420
1422,1416,1417,1421,1426,1376
1423,1265,1363,1364,1411,1418,1419,1424,1427
1424,1425,1427,1423,1419,1420
1425,1424,1427,1421,1426,1420,1428
1426,1421,1422,1376,1425,1428
1427,1424,1425,1428,1423
1428,1376,1283,1425,1426,1427
1429,1437,1486,22,23,1553,1569
1430,716,720,1449,1491,1572,1749
1431,1613,1497,1432,19,18,1744
1432,19,1431,20,1436,1469,1497
1433,1457,1471,1464,1472,1453,1458
1434,1447,1463,1461,1490,1532,1511
1435,1470,1449,1448,1467,1476,1473
1436,1460,1469,1437,20,21,1432
1437,1436,1460,22,21,1486,1429
1438,1462,1442,1481,1477,1452,1475
1439,1474,1445,1440,723,1484,1479
1440,723,1439,750,751,1441,1445
1441,1466,752,1445,1483,751,1440
1442,1438,1462,1485,1489,1452,1480
1443,1624,1496,1450,1444,1521,1446
1444,1632,1521,1450,1443,1494,1525
1445,1439,1474,1441,1483,1492,1440
1446,1498,1482,1499,1496,1450,1443
1447,1434,1463,1461,1487,1488,1495
1448,1435,1467,718,716,1449,717
1449,1470,1435,716,1430,1491,1448
1450,1444,1443,1494,1446,1482,1500
1451,1478,1503,12,11,1465,1468
1452,1505,1480,1504,1438,1442,1475
1453,1454,32,31,1458,1433,1457
1454,32,1453,1456,1455,1457,33
1455,34,33,1698,1594,1456,1454
1456,1455,1454,1593,1594,1457,1510
1457,1433,1471,1510,1456,1454,1453
1458,1459,30,1464,1453,31,1433
1459,1458,30,1464,1746,1520,29
1460,1502,1486,1436,1469,1437,1501
1461,1515,1514,1434,1447,1487,1490
1462,1513,1485,1438,1442,1512,1477
1463,1507,1532,1434,1447,1516,1488
1464,1459,1458,1433,1472,1517,1520
1465,1451,1468,11,788,1466,1523,752
1466,752,1441,1523,1465,1483
1467,1435,1448,1508,1473,717,1509
1468,1451,1465,1543,1506,1478,1523
1469,1497,1524,1460,1436,1432,1501
1470,1449,1435,1522,1530,1476,1491
1471,1526,1519,1472,1457,1433,1510
1472,1531,1519,1471,1433,1464,1517
1473,1476,1435,1529,1508,1467,1527
1474,1492,1536,1439,1445,1484,1533
1475,1504,1452,1534,1481,1438,1535
1476,1435,1473,1470,1527,1538,1522
1477,1540,1512,1481,1537,1438,1462
1478,1506,1541,1542,1503,1451,1468
1479,1539,1484,747,1439,723,748
1480,1505,1452,1489,1544,1548,1442
1481,1537,1477,1438,1475,1534,1545
1482,1498,1446,1550,1500,1450,1549
1483,1441,1445,1492,1528,1523,1466
1484,1539,1479,1439,1474,1551,1533
1485,1513,1462,1547,1442,1489,1546
1486,1502,1460,1437,1429,1553,1554
1487,1461,1514,1447,1495,1558,1557
1488,1555,1495,1516,1463,1447,1556
1489,1480,1544,1442,1485,1546,1559
1490,1586,1619,1515,1461,1511,1434
1491,1530,1573,1430,1449,1572,1470
1492,1474,1536,1552,1483,1528,1445
1493,1518,1603,1602,721,738,737
1494,1500,1565,1450,1444,1525,1566
1495,1570,1555,1488,1558,1487,1447
1496,1624,1443,1499,1446,1608,1582
1497,1613,1431,1469,1524,1614,1432
1498,1482,1446,1562,1499,1567,1549
1499,1446,1496,1608,1562,1498,1611
1500,1482,1550,1494,1565,1574,1450
1501,1577,1581,1524,1460,1469,1502
1502,1486,1460,1578,1554,1501,1577
1503,1478,1542,1579,13,12,1451
1504,1505,1575,1582,1452,1475,1535
1505,1575,1504,1452,1480,1548,1576
1506,1541,1478,1543,1468,1563,1564
1507,1463,1532,1583,1723,1659,1647,1516
1508,1529,1473,1467,1588,1509,1587
1509,726,1587,727,717,1467,1508
1510,1592,1593,1526,1471,1457,1456
1511,1589,1586,1647,1532,1490,1434
1512,1477,1540,1584,1513,1462,1585
1513,1584,1595,1485,1462,1547,1512
1514,1461,1515,1557,1748,1487,9
1515,1619,10,1461,1514,9,1490
1516,1598,1556,1463,1507,1583,1488
1517,1472,1464,1520,1596,1531,1597
1518,1571,1604,1603,1493,736,737
1519,1600,1526,1472,1531,1471,1599
1520,1746,1459,1610,1596,1464,1517
1521,1624,1623,1444,1632,1640,1622,1443
1522,1470,1530,1606,1538,1476,1607
1523,1466,1465,1468,1528,1543,1483
1524,1615,1581,1469,1497,1614,1501
1525,1566,1612,1601,1632,1494,1444
1526,1519,1600,1471,1592,1605,1510
1527,1529,1590,1616,1538,1476,1473
1528,1654,1543,1523,1483,1492,1552
1529,1590,1527,1473,1508,1589,1588
1530,1491,1573,1606,1618,1470,1522
1531,1472,1519,1599,1517,1597,1617
1532,1463,1507,1511,1647,1434
1533,1551,1621,1536,1620,1484,1474
1534,1623,1622,1475,1481,1545,1535
1535,1504,1582,1475,1624,1534,1623
1536,1492,1474,1626,1552,1620,1533
1537,1481,1477,1540,1627,1628,1545
1538,1625,1607,1527,1476,1522,1616
1539,1484,1479,747,1633,1551,1634
1540,1477,1512,1630,1585,1537,1627
1541,1506,1478,1563,1542,1637,1636
1542,1478,1503,1637,1580,1579,1541
1543,1654,1528,1506,1468,1564,1523
1544,1480,1489,1548,1638,1559,1639
1545,1534,1481,1635,1628,1622,1537
1546,1645,1644,1489,1485,1559,1547
1547,1513,1595,1646,1485,1645,1546
1548,1638,1643,1505,1576,1480,1544
1549,1650,1652,1550,1482,1567,1498
1550,1482,1500,1574,1651,1650,1549
1551,1633,1539,1533,1621,1642,1484
1552,1654,1655,1626,1536,1492,1528
1553,1660,1554,1661,1429,1486,1569
1554,1660,1553,1578,1667,1502,1486
1555,1570,1495,1488,1556,1675,1676
1556,1677,1676,1598,1516,1555,1488
1557,1514,1748,8,1558,1487,1742
1558,1695,1570,1495,1742,1487,1557
1559,1658,1639,1644,1546,1544,1489
1560,1690,1691,1561,744,745,1568
1561,1631,1692,1560,744,743,1691
1562,1670,1611,1671,1567,1498,1499
1563,1541,1506,1656,1564,1636,1657
1564,1656,1563,1506,1543,1654,1668
1565,1688,1566,1494,1500,1574,1687
1566,1689,1688,1565,1525,1612,1494
1567,1671,1674,1652,1562,1498,1549
1568,746,745,1560,1694,1690,1629
1569,1693,1661,23,1429,1553,24
1570,1555,1495,1695,1558,1675,1696
1571,1604,1518,736,1701,1702,735
1572,1750,1749,1430,1491,1573,1711
1573,1712,1711,1618,1491,1530,1572
1574,1683,1687,1500,1565,1550,1651
1575,1608,1582,1505,1504,1609,1576
1576,1662,1609,1575,1505,1548,1643
1577,1501,1581,1705,1578,1704,1502
1578,1705,1706,1577,1554,1667,1502
1579,13,1503,3,14,1580,1542
1580,1637,1542,3,1743,1579,1736
1581,1524,1615,1577,1501,1703,1704
1582,1608,1575,1504,1496,1535,1624
1583,1723,1507,1516,1672,1598
1584,1595,1513,1719,1585,1720,1512
1585,1540,1630,1721,1720,1584,1512
1586,1589,1511,1619,1591,1588,1490
1587,726,1509,1591,1588,725,1508
1588,1591,1586,1587,1589,1529,1508
1589,1586,1511,1647,1529,1588,1590
1590,1647,1616,1529,1527,1589
1591,1619,1586,1588,1587,725,724
1592,1593,1685,1510,1684,1526,1605
1593,1592,1685,1510,1686,1594,1456
1594,1686,1697,1698,1455,1593,1456
1595,1584,1513,1547,1646,1719,1718
1596,1709,1708,1610,1520,1517,1597
1597,1708,1707,1596,1517,1531,1617
1598,1516,1556,1677,1673,1672,1583
1599,1600,1680,1681,1617,1531,1519
1600,1519,1526,1599,1680,1605,1679
1601,1738,1739,1612,1737,1525,1632
1602,1715,1716,721,1493,1603,1641
1603,1518,1493,1604,1602,1714,1715
1604,1571,1518,1603,1714,1702,1713
1605,1600,1679,1592,1526,1684,1678
1606,1665,1618,1530,1522,1607,1664
1607,1538,1625,1663,1664,1606,1522
1608,1582,1575,1699,1609,1499,1496,1611
1609,1699,1608,1575,1576,1662,1700
1610,1745,1746,1709,1596,1710,1520
1611,1699,1670,1562,1499,1608
1612,1525,1566,1737,1732,1689,1601
1613,1497,1431,1744,1736,1735,1614
1614,1735,1734,1613,1497,1524,1615
1615,1524,1581,1614,1703,1734,1733
1616,1647,1590,1648,1625,1527,1538
1617,1681,1599,1707,1682,1597,1531
1618,1665,1606,1712,1573,1530,1666
1619,1515,10,1586,1591,1490,724,44
1620,1726,1626,1536,1727,1621,1533
1621,1533,1551,1728,1727,1620,1642
1622,1640,1521,1534,1623,1545,1635
1623,1624,1521,1534,1622,1535
1624,1521,1623,1496,1443,1582,1535
1625,1538,1607,1648,1616,1649,1663
1626,1725,1655,1726,1552,1536,1620
1627,1726,1628,1727,1540,1630,1537
1628,1635,1725,1726,1627,1545,1537
1629,1694,1568,746,1729,1730,1752
1630,1540,1585,1727,1728,1721,1627
1631,1561,1692,722,742,1722,743
1632,1444,1521,1601,1739,1525,1640
1633,1551,1539,1642,1730,1634,1731
1634,1633,1539,747,781,780,1731
1635,1628,1725,1724,1545,1640,1622
1636,1735,1734,1657,1541,1563,1637
1637,1580,1542,1736,1541,1735,1636
1638,1548,1643,1664,1665,1544,1639
1639,1559,1658,1638,1544,1666,1665
1640,1622,1521,1632,1724,1635,1739
1641,1751,1722,721,1602,1716,1717
1642,1729,1728,1633,1730,1551,1621
1643,1664,1663,1548,1638,1662,1576
1644,1645,1546,1714,1658,1559,1715
1645,1644,1546,1547,1646,1716,1715
1646,1718,1717,1716,1595,1547,1645
1647,1616,1590,1659,1507,1589,1511,1532,1648
1648,1625,1616,1649,1647,1659,1653
1649,1662,1663,1625,1648,1700,1653
1650,1549,1652,1681,1651,1550,1680
1651,1683,1574,1682,1650,1681,1550
1652,1674,1679,1650,1549,1567,1680
1653,1659,1723,1700,1669,1649,1648
1654,1543,1528,1552,1655,1564,1741,1668
1655,1725,1724,1626,1654,1552,1741
1656,1563,1564,1668,1657,1737,1732
1657,1733,1734,1636,1563,1656,1732
1658,1559,1639,1714,1713,1666,1644
1659,1723,1653,1647,1507,1648
1660,1708,1709,1553,1554,1661,1667
1661,1693,1569,1660,1553,1710,1709
1662,1576,1609,1700,1649,1663,1643
1663,1664,1643,1649,1662,1625,1607
1664,1663,1643,1638,1665,1607,1606
1665,1618,1606,1664,1638,1666,1639
1666,1658,1713,1712,1618,1665,1639
1667,1707,1706,1554,1578,1708,1660
1668,1738,1741,1656,1564,1737,1654
1669,1700,1653,1699,1670,1723
1670,1699,1611,1562,1723,1672,1671,1669
1671,1674,1567,1673,1562,1672,1670
1672,1670,1723,1673,1671,1598,1583
1673,1678,1674,1677,1671,1598,1672
1674,1678,1679,1652,1673,1671,1567
1675,1685,1676,1555,1570,1696,1686
1676,1677,1556,1675,1685,1684,1555
1677,1556,1676,1678,1673,1598,1684
1678,1674,1679,1673,1677,1605,1684
1679,1674,1678,1652,1605,1600,1680
1680,1600,1599,1681,1650,1679,1652
1681,1680,1599,1617,1650,1651,1682
1682,1707,1706,1651,1683,1617,1681
1683,1574,1687,1705,1651,1682,1706
1684,1592,1685,1676,1677,1605,1678
1685,1593,1592,1675,1676,1684,1686
1686,1697,1594,1675,1696,1593,1685
1687,1574,1683,1704,1688,1565,1705
1688,1689,1566,1565,1703,1704,1687
1689,1566,1688,1703,1612,1733,1732
1690,1720,1694,1560,1691,1719,1568
1691,1690,1560,1718,1692,1561,1719
1692,1561,1631,1717,1722,1718,1691
1693,1710,4,25,24,1569,1661
1694,1720,1690,1721,1568,1629,1729
1695,1570,1558,1742,1740,2,1696
1696,1740,1697,1675,1686,1570,1695
1697,1747,1698,1696,1740,1686,1594
1698,1697,1747,35,34,1455,1594
1699,1670,1611,1608,1609,1669,1700
1700,1653,1669,1699,1609,1662,1649
1701,1711,1702,1571,1750,734,735
1702,1701,1711,1571,1712,1604,1713
1703,1689,1688,1704,1581,1615,1733
1704,1688,1703,1581,1687,1705,1577
1705,1706,1578,1577,1683,1687,1704
1706,1707,1667,1705,1578,1682,1683
1707,1667,1706,1682,1708,1597,1617
1708,1660,1709,1667,1707,1596,1597
1709,1660,1708,1710,1661,1596,1610
1710,4,1693,1661,1709,1745,1610
1711,1573,1712,1701,1702,1750,1572
1712,1573,1711,1618,1702,1666,1713
1713,1658,1714,1666,1604,1702,1712
1714,1658,1713,1604,1603,1644,1715
1715,1716,1602,1644,1645,1603,1714
1716,1715,1602,1646,1717,1645,1641
1717,1646,1718,1716,1722,1641,1692
1718,1646,1717,1691,1692,1719,1595
1719,1595,1584,1720,1690,1691,1718
1720,1694,1690,1585,1721,1719,1584
1721,1585,1720,1729,1728,1694,1630
1722,1751,1641,1631,722,1717,1692
1723,1659,1653,1583,1507,1670,1672,1669
1724,1655,1725,1741,1739,1635,1640
1725,1628,1635,1655,1724,1626,1726
1726,1627,1628,1626,1725,1727,1620
1727,1728,1630,1726,1627,1621,1620
1728,1729,1642,1727,1630,1721,1621
1729,1728,1642,1721,1694,1629,1730
1730,1752,1731,1642,1633,1729,1629
1731,1752,1730,779,780,1633,1634
1732,1737,1612,1733,1657,1656,1689
1733,1734,1657,1615,1703,1689,1732
1734,1733,1657,1735,1614,1636,1615
1735,1736,1613,1734,1614,1636,1637
1736,1744,1613,1735,1743,1580,1637
1737,1612,1732,1656,1738,1668,1601
1738,1741,1739,1668,1737,1601
1739,1738,1741,1724,1601,1632,1640
1740,1696,1697,1,2,1695,1747
1741,1738,1739,1724,1668,1654,1655
1742,1695,1558,1557,8,7,2
1743,3,1580,1744,1736,17,16
1744,1736,1613,18,1431,1743,17
1745,1610,1746,4,1710,27,28
1746,28,29,1745,1610,1520,1459
1747,1697,1698,36,1,1740,35
1748,9,42,1557,1514,41,8
1749,1750,733,1572,732,1430,720
1750,1749,733,1701,1711,1572,734
1751,739,721,740,1641,1722,722
1752,1730,1731,779,1629,778,746
